33295
26057
93170
77685
18864
68512
60000
55235
90817
62001
2974
84317
87586
66992
98908
94398
77023
14804
48253
33024
27573
80838
46426
22025
47917
18337
11702
73858
15048
29970
96507
29083
37101
75365
10796
20312
66213
7651
15777
17803
19124
59934
89645
97485
21337
26041
58335
98257
85859
86150
17346
80539
72013
13064
64906
73058
63021
30210
22858
81287
94772
87334
24741
2204
615
52886
3037
98983
43276
25519
82613
65005
87691
19930
69368
16882
5709
59491
29412
72256
79703
5039
53271
76242
41338
85732
7622
9447
95214
54966
28397
27601
96013
14075
72177
79063
20553
38511
41249
88383
34928
31713
5941
55330
7006
7489
27976
19390
45337
70722
74189
681
83803
69098
91342
2841
80658
66084
50409
61459
56604
97376
215
67306
85898
84150
55556
47384
79844
78473
53854
82731
27713
44891
35860
21120
25557
98618
17781
52077
44553
22056
41756
98571
26024
18533
88844
42420
87900
75423
55016
69100
71812
90556
36538
88668
36242
64767
22216
1194
37857
13551
56132
24200
52686
37958
5752
2351
63456
5912
70476
19015
37665
89890
81412
78605
73106
4140
82212
67843
68961
48361
97141
52542
86380
37288
78400
94168
66622
43156
29878
5763
98273
4552
58881
49329
79446
93148
38974
32854
73427
32263
13007
11547
66259
16641
15617
82945
95266
34010
1996
2825
35704
16757
52740
11296
6917
27177
51457
36549
64634
62293
26612
60133
96953
17886
41863
898
57570
88827
51583
70075
17607
35715
412
44600
38246
32528
48424
53131
42400
30991
26242
8362
61036
96533
77121
73923
5247
79550
75447
65458
30784
92528
29681
71508
36718
54522
11238
42423
42625
24466
8760
82394
17824
11703
82366
36439
39042
25416
43949
29063
74252
20049
7053
48079
97309
45305
34528
9886
38929
36574
32398
75793
5678
81404
78953
37485
62602
72430
26917
12503
10580
13191
41391
79987
60212
37650
20104
68859
70607
34386
55685
70660
15107
26390
84328
5563
72304
2380
33412
38042
2384
7728
79323
51277
11607
54758
37960
70871
73783
8768
98526
27894
72157
53496
57348
98131
93798
63243
3625
6177
65773
70869
10489
59846
49513
47147
75132
80596
76807
20068
42934
22905
27780
79872
99174
78980
50816
31873
36127
81136
60613
69934
76910
813
29478
7056
7801
44536
24397
24538
93684
10034
66284
45488
74148
9835
96451
85036
37547
65658
11745
36387
20284
16309
47276
27436
75792
74468
54020
25306
22779
44538
44926
11124
3991
79366
78756
81306
2106
68381
46136
78126
43569
92517
22244
55845
10143
13761
39882
55585
66502
8922
6420
85176
98725
97084
94777
39428
17346
34230
59997
892
77701
145
63474
29849
22314
58554
29665
7894
34092
34368
73412
43766
96874
59955
78418
69787
71223
46721
27497
15348
79466
6271
60434
32237
32577
66392
89529
15837
98665
16769
81287
42896
18095
75533
70017
67000
99306
78534
60514
46374
21071
67244
66827
23422
98487
20645
17816
36210
84175
2035
20737
9802
82873
23473
82341
18142
46559
51306
13125
91095
82801
71468
54863
92259
67209
71764
52257
8966
95847
3711
36202
73533
74720
37204
98079
57051
32791
57653
27983
29864
31549
45047
64225
21736
79643
60073
41730
73185
77937
58935
24709
42300
20472
31980
99393
82208
45001
34393
70089
71672
93186
68598
5628
72351
84692
26009
29326
80414
69945
91155
32355
44191
72669
52400
19399
29066
21587
87087
48778
18506
7669
13181
54218
78393
49248
47140
83102
849
74339
78644
65054
24209
71776
35238
87489
52689
3369
72505
51991
50370
13792
59738
36544
33530
10394
32965
94377
88777
18261
75194
21629
29104
89466
57398
82584
70455
55262
40543
36733
51123
50237
59624
1350
81461
45992
12271
50916
56250
89440
80834
93949
51699
68066
62971
93574
77745
27885
39373
86815
4662
95837
83814
65857
3524
78106
65311
61462
42457
70491
17904
53962
68490
88771
53054
11448
474
1976
65073
69116
57402
6528
67052
32250
50921
24728
71698
78936
11583
91617
66337
63975
21184
91932
15068
57132
74936
24915
92216
9667
57027
96723
54288
70317
109
85117
34940
55233
4831
96508
92662
52484
89262
21609
37701
63965
57259
50115
68878
40924
76456
78299
49813
35277
47256
26056
87642
61593
54507
13496
13943
28644
33397
65100
77912
65403
62235
59
92252
42771
10111
7780
11050
75223
75885
48244
58029
46738
15229
77838
60590
68592
26716
98761
42699
41598
44666
906
21646
33794
90544
31889
67586
10015
50105
53059
33813
43637
28384
86349
42783
50098
85140
24009
13596
91673
17995
53745
47035
43549
24858
35362
20258
1598
73711
20150
70889
72898
66897
33177
17747
31874
65060
95208
13397
41673
18425
16381
74820
97298
57182
48660
55277
44752
34809
22507
86585
15409
66783
52125
16048
26931
73048
82453
44022
67898
63844
26065
17102
87223
3591
7423
83172
56403
36846
4727
29173
21318
76393
68388
96537
19822
99756
12652
88994
68467
69926
7084
53048
3413
46133
61001
90488
61798
92567
32084
59819
96735
14914
44271
33818
73410
98556
67219
85386
65476
50236
47185
56551
94150
4795
89606
30365
50166
46813
58373
79645
50091
21781
46121
41038
97905
70693
3280
59805
68215
62915
98564
65653
15836
81326
81615
89126
74186
40023
70368
19225
59581
77489
81779
97840
46785
92039
89707
75411
62306
1353
47400
83281
75675
25720
53642
10915
3988
4590
34274
64476
67893
87590
79373
39384
23893
67346
18725
3155
78577
88577
22383
86349
81241
96104
70038
62079
56056
20980
79422
57705
21663
14241
39934
71685
68296
77706
71044
91709
83935
15995
57265
77777
95266
49099
28347
95755
6279
64094
50442
35434
15704
8079
71559
31791
25417
43411
70214
79673
4288
81471
20356
84649
45672
32505
28784
31822
45534
85504
7186
25257
92451
604
84974
83652
2540
40361
31829
25182
56782
75571
34804
3839
25665
93277
64288
90166
85169
67570
89949
22611
8474
7542
69392
60176
87639
54122
70892
80927
71316
8225
58652
27005
49059
72692
20212
64701
34437
78977
17169
90014
42571
22320
475
59581
13782
20904
67088
12127
56868
76334
6106
62518
36417
1769
75395
56622
63266
673
74277
80537
11041
85359
13993
67494
41199
89224
10728
91400
66185
41544
64172
12823
70060
34108
6359
68166
61436
17956
77146
15853
90885
5384
45330
29170
88000
99643
42215
6319
20947
11838
67135
91763
55442
43948
17644
85881
69596
51787
5205
95825
47059
62797
28415
32397
83757
76610
23809
77135
74159
12461
76426
44397
37710
35643
90810
63194
71210
23807
67152
49903
847
57774
58235
24395
37488
74724
97325
75364
3831
31324
16848
61974
2041
13823
72631
85160
76259
90267
47867
69286
52921
47560
23068
37823
19052
40418
19018
77016
94522
96092
76461
50452
45541
63085
79463
96504
74379
37635
27973
18689
21175
86067
44474
21084
23664
9227
35577
26032
36354
19485
59368
12925
61675
26826
6822
80464
63626
40545
24120
86844
79648
93339
82416
13106
96762
48664
9419
23739
35981
479
66931
51902
9521
86903
44841
37935
32229
75347
62862
74700
3141
43774
67313
71971
43729
63881
62287
9072
34535
99587
26271
32400
18925
14909
29841
80760
77119
90257
38173
19115
74209
27398
76908
83314
58692
61550
3469
91903
5704
91074
5998
24497
53141
68495
81607
43843
93384
47902
69340
75600
54715
68037
93191
31830
24796
50315
66653
50617
68163
29
5294
76397
68613
59523
25319
15097
77331
15423
56691
74609
8734
99951
88530
68898
93430
48275
60954
77686
17381
13404
34298
55512
44489
26581
20014
85841
67567
68817
57768
82176
24660
14595
2191
25459
48277
96683
40646
94457
16198
71321
66095
87445
6714
84639
19905
39396
92867
54656
96228
38413
36242
15669
55831
26084
13529
78365
48018
76028
41127
52763
28146
64607
8367
6056
57971
45592
19670
55915
60562
44316
63149
26788
10797
30084
86742
38283
86659
55874
24487
12289
74129
27923
90806
41202
71614
10731
62466
50587
41645
97059
27185
88754
54311
31912
14358
25121
25476
20086
40084
95166
52440
62077
49658
94421
70617
99103
76356
82865
86221
24214
40858
17878
71197
41902
42535
8453
92165
57466
5509
60427
53168
39410
31110
7695
64528
37469
81004
95503
30334
5099
58487
70150
89760
3013
72660
49616
78331
77599
12788
84470
58533
25915
50356
68646
28098
32568
35367
62584
7858
73134
33447
69838
37857
59835
72665
67286
33562
30270
23236
53117
94584
93678
55865
25672
36773
62495
9899
86875
32083
29795
99755
41142
34660
44698
31530
78692
69653
73580
20618
32228
98489
78874
95203
89303
85074
22899
17578
78285
29731
31509
39210
39200
74543
19715
58096
99594
83920
6973
99377
9168
81986
27612
50648
85683
78103
490
79120
53617
48775
84811
33164
34182
3102
3519
96620
37038
4986
14866
79388
98815
2661
12872
35146
68985
27138
62144
79056
17636
45423
55026
12313
38755
76898
5403
78242
84011
78966
15272
26692
45271
33489
74636
81923
40090
79662
64827
17787
60081
56831
33762
62138
51965
97707
44438
3065
74792
16089
37865
395
54709
79343
25200
10671
43046
80258
92745
37426
51111
15200
86310
57271
72555
41014
57452
30123
32050
71106
98907
27112
46687
37911
72311
52829
1179
16216
59652
52562
93915
51698
76873
76414
92202
23700
511
72607
66540
76829
11265
17113
88157
61577
1492
75239
58199
94438
47747
5245
63858
7337
46724
93452
46717
78290
56532
85476
84799
2436
10400
10856
71928
24365
19503
37107
57176
55066
75106
43470
52189
12651
67544
51760
83345
76007
36423
30357
57207
44285
65240
39744
31663
26498
83668
41083
16727
11586
66970
19065
87917
81398
39152
94894
39061
53681
21516
44559
57505
88828
35632
13710
68849
36137
71543
12824
46799
43811
14141
54272
60302
84594
31950
5572
80994
93688
26727
71988
3793
87314
30960
33205
47752
23462
59248
33711
94204
54411
76156
73135
88682
81446
81087
32617
53758
77508
35736
22466
80907
89089
61948
23561
4409
85131
18865
64116
97597
33822
94934
31002
48919
97872
18014
91580
47568
54679
75198
42349
85142
38533
54310
63528
26330
79485
97903
64322
61115
8880
63891
13811
69375
23575
79618
55732
63244
64206
20387
45802
19264
26061
32067
58750
13803
93168
75503
38479
8260
93839
49647
15286
32274
70043
51388
59590
31354
60407
27394
59134
79568
99034
97423
18572
91449
98423
50854
85654
44967
90539
9126
39985
31465
43143
46766
72076
78417
89393
52093
98964
68486
30218
69374
7301
58812
99457
52300
85636
89569
56002
98660
3013
32653
87376
89906
75611
34368
78123
60980
10818
69916
61600
77483
88888
50592
57398
81484
32281
90232
65458
17834
50655
3442
43356
45049
3095
8111
12546
13408
24572
84474
16340
64142
26007
71294
62816
39157
51502
77095
7106
22023
27256
40049
46844
44217
96960
9024
71173
68140
30577
35479
74043
25883
35011
65580
48184
53662
15342
59693
12668
31833
67207
35221
97345
90354
19582
95366
92568
78222
33257
36422
8709
70639
8697
98715
81814
99018
5753
48289
19064
92093
7483
67171
99346
70894
40222
10094
12921
35213
40757
50433
12222
82967
18768
26749
83782
92262
48770
51950
45649
8564
92065
99708
92215
96574
81485
12866
96400
81338
81754
55056
89429
83813
27952
93704
85787
45392
13367
47453
51074
11579
34341
9807
98664
4359
89497
5135
84618
61369
6599
62640
35533
97273
34578
45619
56390
79835
52986
78993
24701
97230
31222
59087
53587
83015
21171
1055
67301
10840
69775
49973
6714
69874
67265
46408
89156
68287
88554
945
50891
42558
99221
53170
78006
6241
14950
64406
21571
89129
25520
97623
49048
85802
38216
79160
63047
50972
81225
74067
62476
97428
70192
812
54836
83381
2931
2426
44423
80229
17382
76825
4491
76375
63071
45490
9173
708
49789
58396
83882
48033
68890
81785
46118
92952
98895
61693
69802
45052
27308
87221
26624
85165
66875
2104
33516
91836
41297
79878
96837
71133
10010
33841
4800
13217
33203
39248
46919
59055
88761
31780
31402
52186
78446
8403
10857
35696
89258
46830
65885
51678
19671
9849
23590
977
76495
15299
21893
98786
91631
9189
17239
56565
18943
31796
10883
23700
33426
84008
43282
8079
57348
88884
43923
84949
81499
93433
13228
53286
24024
22124
53769
76389
35121
3978
49375
63702
32220
70870
70436
38569
3288
30507
1091
33316
53100
58064
17403
65567
86875
92098
95636
28743
42350
8844
49556
4578
54883
35542
58395
28432
74572
3667
2636
92328
93136
23727
85739
65604
67733
99976
20690
70590
24892
2009
29234
63369
35730
10398
70708
87756
84237
96083
33425
82325
21478
62144
18806
58135
70372
88637
33614
36295
37045
9948
35486
30450
67144
76588
41481
14672
59938
45759
18281
43235
47186
69694
66021
10700
9245
69230
38161
44896
62178
77618
68823
37762
33021
39433
56478
18163
46129
82454
94420
32846
79991
88775
61126
53782
20795
60640
87842
10778
39453
76082
25657
64580
43540
66641
8881
39817
70286
32726
78121
59219
65023
51160
12702
68155
84479
42696
25942
66575
31131
56634
22163
86364
72914
80564
62624
78534
24284
84146
50836
41649
8568
6650
81975
58109
14598
86661
65017
87632
92691
31082
47810
13392
55178
78082
69901
30455
50049
11854
60973
24460
10988
88955
10579
38061
32892
80802
51128
38259
41779
81573
54067
81949
3837
20455
13954
30355
4998
13019
28316
86826
8966
85540
42570
65138
47782
76635
89543
22080
32675
811
15074
16202
46744
26813
39094
16084
77701
38882
35168
15364
32285
81254
28722
63406
68792
51483
68257
18415
49832
42054
34618
67656
5271
64691
62744
28648
9464
26436
84425
56588
25213
32577
93252
12916
94096
46252
80277
78642
48260
10001
55324
51537
52357
64357
86943
17312
48146
31354
58983
34035
93176
26003
1816
6151
26157
11094
60734
16307
50601
99556
36175
77747
41283
3844
26404
51180
96561
21837
68414
69542
50476
89531
973
69164
8119
21594
59734
3439
71608
54113
23779
13176
20997
56833
43207
55864
15954
85676
82272
8678
86802
70761
43881
90199
4239
40348
38392
15713
69318
47223
38089
164
12516
5596
10438
12656
63019
50012
52123
1079
33590
24446
33579
51897
55880
23163
70791
15762
5775
46614
62261
74565
93891
54349
63607
69520
46816
99231
24998
71733
10894
71687
98270
36278
81977
47984
78828
64886
89759
62899
37246
86504
3503
18926
95603
16991
17367
13320
71824
97050
47427
76700
19944
83466
67975
40636
96498
29840
79150
73424
71679
38113
26006
43720
61047
57407
82133
86029
80020
4049
3588
70495
34299
77673
96079
20438
71455
14659
87755
47845
59946
26133
77554
34959
98399
78351
12416
18057
78028
24760
868
63508
26841
12873
1875
98851
67330
51762
54180
33073
65592
76606
50006
32849
79288
85841
97914
96371
21878
77581
48643
86402
40544
15759
28702
56753
98248
92062
75996
20520
74839
95588
43019
15751
60014
6069
59824
85271
95490
32498
63679
69133
93266
8190
43109
78345
79655
78070
23274
9004
28085
89535
84395
94878
4593
13304
65481
52518
81290
57439
28229
65509
18601
4100
48969
42982
70439
9658
75723
64433
2820
4904
36654
35801
11819
33063
58325
66109
82191
92757
67120
5517
3900
10375
74397
92011
46972
96738
98393
1096
52994
86683
39756
12318
67942
76743
59510
96272
39567
59375
80839
98207
65302
70297
16229
79073
90855
5166
16784
11618
4342
71172
72036
4346
74209
66842
3464
45961
59367
47730
97143
41691
99538
75186
35757
16140
45927
12893
47182
55320
90311
43854
16166
26400
4098
65472
38689
49056
12188
48237
72855
38153
99277
1036
56498
91891
80091
59106
50774
76021
55428
67310
50874
78469
34457
2867
44189
71572
46595
60901
49690
28653
54368
10860
77399
61553
61562
49095
89080
9081
6078
72130
18922
55604
68997
27341
8284
15571
24649
63870
71364
42803
67860
89168
99605
86229
99821
26579
17051
82699
17036
32571
93513
82783
56521
31023
33894
33128
23006
18546
32597
99223
8083
43585
13824
54866
6077
18850
23853
76984
55754
12222
7366
10159
41903
35513
71621
92860
15557
70030
51594
32840
3414
59822
39761
17041
1904
12585
87027
64335
8472
63443
10138
1457
32506
28312
77301
75696
29542
42834
92379
85558
74134
94793
61064
75076
44390
9073
66437
32134
70392
33040
64062
55263
62271
10265
86829
11005
85361
35106
28161
18844
10256
80366
73778
23341
25458
51674
38852
23560
72562
601
41120
89149
98860
26294
72092
38587
66537
25022
5196
88646
9705
64916
9492
88194
20426
70585
79932
58597
14016
82968
77000
34034
90198
67902
22292
62861
93541
76789
78196
26541
5239
40525
35679
19018
63301
21981
87182
90746
75702
17549
80535
59210
70128
62290
82317
87142
71857
42731
36443
69658
21200
18323
63187
65099
38090
59731
81694
43026
14605
75607
63807
258
45073
26759
26248
75905
32618
79613
59659
5890
71137
70988
84131
55163
21294
79841
24510
70289
46344
38642
44715
27436
39693
84571
88301
15711
74482
71448
39736
66139
42152
17423
13790
47716
46190
36657
53854
27810
77335
42604
5642
57081
34806
7572
43962
631
49224
91093
14525
36573
35591
87788
32606
39175
9976
82703
72072
33406
14603
26402
86891
99313
86694
50345
70183
3029
81352
83149
2593
56662
88951
58410
69487
61336
93975
92145
23866
43430
41725
82595
7427
47562
16712
2269
14606
78486
93897
19140
63634
58150
92047
64525
75435
28422
62492
20706
54641
94706
43718
19735
91370
52552
85021
28369
76684
13295
71100
70364
53329
26069
30803
77679
12180
10309
2466
26428
18905
38847
28481
57174
11374
84392
33343
40436
74776
74027
54872
49564
78510
22080
403
62615
73112
77345
33129
68135
26729
54793
9618
18719
4189
54018
31963
78235
99619
839
9349
82572
3324
14732
3169
73323
28565
71160
97397
45518
85855
70633
58061
88130
18921
92266
81156
39109
96632
40006
38712
54445
17087
68746
61409
81935
87318
34316
99540
66801
37346
47631
31939
16564
25561
55363
170
32642
97093
37386
45325
42416
569
87419
38727
94423
23664
70277
29098
37839
22075
51538
95421
51748
7151
67942
91162
58078
16730
6333
66006
6177
75793
55736
76080
75378
7428
48753
71146
30425
92595
28416
5910
95240
61245
43032
85393
99094
23055
43567
60932
36425
93900
12126
91558
66140
74753
18398
27043
65889
9014
83850
25589
19845
45843
6255
36853
17945
79015
24466
92375
86268
16940
77998
66314
50708
49782
46491
63077
12983
60349
45810
19975
84840
52065
47171
17558
53556
56323
62749
23124
54714
93853
48310
86493
39180
12747
91333
76356
14290
80987
86673
81860
94287
57249
82444
17443
76468
76824
21911
74286
3337
98398
266
23290
2139
26368
1128
50043
80880
89841
83323
57891
6911
16229
22648
69905
51956
51831
19392
56531
62611
87793
76182
69310
17888
93255
44646
86026
4259
10858
95193
94506
1526
90968
55757
70896
98109
33128
64867
36938
95196
41447
70367
85489
72596
13827
83382
80244
33005
54905
45625
46174
79276
32645
52506
38309
38242
79951
30273
85497
30246
66358
3065
34541
5032
94439
29334
20807
33913
80640
65974
33522
92082
75816
88977
82052
91756
6644
91810
17088
35200
73807
8601
67625
42614
9775
79290
26474
88314
78586
83575
38227
86795
3578
30677
2954
21177
44160
85202
64661
92277
87214
92559
1025
92028
43601
92168
49909
58937
61783
58348
55685
93323
10035
51143
68885
37908
52843
45153
87567
66187
19309
70735
72895
53597
20786
35689
28757
43655
17300
40813
84562
71306
77248
80011
89565
49308
43380
42892
27111
75299
55085
72069
87159
83132
26138
88294
9775
53523
75251
39111
16708
87836
55798
98196
47119
42680
88886
95808
45693
27153
14243
98988
30994
44202
89887
21021
98996
56063
31393
30959
80450
43253
7947
17289
27311
77941
82705
13462
32549
6510
37835
89700
32423
44830
66917
17555
29850
7411
88741
68406
11140
94774
16235
7204
56335
86244
16950
74394
70203
58344
44331
55266
47451
43339
41466
75837
20966
80902
27859
67009
23401
19340
11876
74044
32040
96343
70838
31047
60251
63912
54996
47984
86605
12818
12806
68513
74567
62565
97079
56171
8201
780
21130
49700
87468
58808
5784
26628
9808
65039
22568
89135
12312
97846
10459
31606
93676
86594
45208
4087
50983
82569
53361
45969
52854
13724
64452
38656
86837
49775
54543
19273
30560
54903
17323
94836
17610
61952
80628
10417
80378
42875
62141
63487
58662
73197
20285
1782
61813
35117
781
11800
37221
12443
64395
83717
1983
76127
55597
422
48572
67153
99365
76928
78372
65879
13282
34790
1422
94243
12548
2103
55073
64306
89881
96273
95687
80945
71090
81545
69217
29301
55952
54091
831
39911
75121
82238
48768
83828
77681
29312
40973
10960
87488
83913
47421
52143
15019
46660
42887
62123
92599
43103
24783
85054
1793
55389
45324
29713
36245
17178
37335
59033
28908
25191
35145
80228
97640
70250
93344
16243
66672
21097
45548
95642
16649
15438
61392
64419
74481
22717
48560
57333
60482
81262
93787
12134
81974
70651
7265
71100
55613
16052
54005
7496
61408
44157
64405
23793
707
19691
69748
12648
62918
10669
28137
827
77155
65329
65305
46434
76798
94931
84764
57025
74746
96458
15072
25019
21285
73550
33780
54107
79322
61760
52810
55788
70438
42319
39675
89717
52924
43206
9941
62788
17841
68156
44009
66185
74253
41870
96829
90858
31659
21021
87550
84294
99189
92751
19860
9691
10346
8360
96779
11514
54302
95412
41461
33462
80261
96298
68911
64857
78907
60082
42460
27635
79316
60726
54912
33082
79760
31698
57342
22564
93105
53816
3592
63844
45091
76230
6830
32521
5552
87886
48218
35893
31730
49037
26697
16279
64304
61632
18401
45000
37309
39526
9012
19900
54644
17255
15972
26508
65547
7465
30124
267
21984
56777
42850
61235
39884
71129
5059
27035
10422
84721
11269
41480
6987
6630
16505
41603
90600
13434
27850
25672
11809
66271
38851
24941
54860
58687
43794
91363
30424
72815
29034
1826
71696
13082
72424
83864
51655
29428
12017
41001
94086
33719
64841
31046
70298
71204
95689
50528
97557
46683
83936
25831
13732
83543
56463
22427
19099
5656
26143
33194
75469
81881
25076
48439
8819
70608
63150
60406
45205
99202
5287
22023
55857
23884
99847
4974
108
38998
68524
32262
9154
19416
99931
76544
7868
30072
88026
12515
69075
72278
76967
77391
26665
90953
36819
30516
34063
85623
31285
71737
63210
73569
54957
71237
11565
80981
7345
3621
87639
66765
33760
10625
34332
35043
94763
91338
44796
67364
24321
53040
28236
37208
7380
84088
90591
33443
34592
49285
4712
2357
32934
24457
414
70286
43134
27727
15726
95917
94769
2129
78581
69381
57464
32801
26331
47079
44756
62987
6167
42013
49029
1219
22270
85500
93213
40533
24041
8995
18772
29354
93255
26156
79182
47628
31190
53434
60970
90303
10612
2857
87945
79504
45943
15663
78210
84830
46704
33743
6732
90758
87224
48514
23475
56114
13546
48230
17558
45015
64962
34413
91349
57250
45041
47910
88600
70619
81378
36986
56470
44395
26507
18475
17537
14533
90296
85230
94726
24727
43155
10337
883
54587
66679
6627
70153
20989
1541
92413
9862
52906
23432
29227
96472
65285
48972
31300
65566
49791
27875
17744
85413
72408
19123
51443
34926
61083
81431
18472
1273
52586
52572
70504
64996
40193
93322
34113
74185
81782
72567
39439
26615
9128
3219
73309
84996
61901
17458
82063
31351
86537
62975
77256
28437
33323
91592
11574
22772
19511
96648
27540
5469
41960
53730
60154
42847
59904
31713
59643
78426
44012
61593
97931
31270
27364
98746
63293
22408
32963
12825
85213
34900
63417
65990
87492
49749
36026
35594
40427
91353
28436
5600
59468
83605
5563
73464
36614
43938
85897
52880
5465
81144
52382
71146
25130
56714
6928
53382
12745
25870
38286
29078
73029
52234
12634
34499
80373
93725
81868
10955
41573
82502
67982
2996
61310
18415
40272
19371
9215
22036
17663
99480
30724
17096
48332
58675
59048
13098
40033
21404
58924
49768
94488
20126
22492
70681
51378
79207
15928
92412
26569
49496
32323
15675
11681
36622
28134
64066
1342
4489
85599
86536
13120
26701
34307
51421
79559
1475
2299
16728
92562
42529
69666
79881
78697
73113
47616
51482
90496
75999
39936
10888
55004
17851
33637
36484
41056
67863
76186
49983
37876
24129
9712
81389
48840
2240
2968
82554
93583
83963
27948
64329
65005
30355
67080
27288
3205
23086
36607
72091
4903
94299
9444
88179
16318
63548
68590
2255
24245
68514
34784
29911
1163
40064
49154
86610
82436
66677
75328
22086
52543
77896
31892
69347
6402
32391
15518
69424
729
23017
68542
36611
67066
645
12898
31411
77038
71295
68277
49544
948
65470
88986
26163
78406
91230
61316
23219
26031
47795
53822
99017
52530
34687
71409
28247
59679
29611
31484
21605
80629
60285
79997
86425
37129
64206
4258
36228
29407
71782
45293
24296
87768
55103
94885
14000
65920
6683
57636
75626
80904
81395
40100
30713
28301
27013
86102
38617
13898
2470
78298
55703
16226
2901
36813
89195
26333
73364
54880
4109
71587
45324
25885
4218
54025
26999
96907
60188
72842
75797
31281
2092
67857
45078
41533
28499
8623
20564
20373
37017
82752
21079
92959
59539
8181
2430
14824
97325
6837
87633
70609
16694
99448
19005
39426
42792
33306
16387
61381
63180
87458
10471
13680
57502
80226
3645
26791
85321
46756
36056
71940
19366
20730
42826
36273
2446
17517
67645
21593
95035
20460
41637
26644
7000
75362
53541
61445
26019
95269
91549
47981
96239
30414
44092
99605
24715
45522
82837
78130
67316
55464
51634
72635
65713
91141
3421
36655
82519
46422
48774
86112
20024
18445
89548
41996
67156
52200
62163
72993
71272
63423
75057
2555
72682
80771
32745
80620
58219
81444
34201
46657
92563
83757
90428
15717
42422
69341
5
46973
90298
63070
66860
30510
89113
64286
86208
81964
99133
15341
1187
65776
8152
98272
64107
46841
34552
63339
13679
31699
10748
34904
43647
14543
23995
52058
17742
79616
3609
5409
93309
59182
82409
74231
35683
99458
57497
29049
98465
30946
50772
90127
51627
81656
27071
834
20554
51054
1937
3727
40392
67690
87578
5177
26033
1197
75105
39346
59267
34056
5866
86153
12134
83228
48476
21405
67314
56235
7580
19023
83940
31784
99914
16096
62247
18417
84216
12255
39551
41881
32807
49797
80108
86352
4272
70550
78802
35408
63212
44093
28931
96492
86372
235
61482
37659
62389
55481
90735
46727
7290
90740
69262
36436
85324
43008
34876
10879
74249
8187
3265
34321
61537
86455
3245
11982
51617
73499
80652
61200
37005
86933
26535
1675
33795
20425
2295
30096
16591
34926
48962
19836
16012
8574
26466
53916
98607
73171
84081
1427
10606
14872
97813
98948
83799
96344
9637
25596
33263
55453
502
76257
31141
82000
26998
31768
94305
76291
96310
59667
40714
56386
88730
51692
11218
84577
7896
22469
74161
99937
21077
57623
6938
84134
25528
1787
61125
93388
77511
95718
72046
73243
10494
6715
69517
49993
72787
39100
24276
79879
86672
68326
18619
80536
95301
75040
78096
86525
25354
45618
60610
38599
96605
63853
96896
31057
70202
51316
74511
38092
18472
80351
53134
47117
19556
1623
46828
10166
88697
29479
52473
98159
28278
44853
74398
23757
53226
32928
89135
56460
62155
52439
3177
7364
16838
13946
44810
15196
88396
82248
84775
20583
70597
55162
35866
64818
46843
27914
17804
8919
89566
33008
55544
96519
89744
3369
72165
91153
41973
68293
41579
84543
3811
75607
15132
46826
69476
18828
25435
64000
2496
20811
95853
84412
7809
2611
22908
55755
64512
64541
85228
17062
100
76449
81502
64871
89754
42808
84799
54914
39492
96883
20707
67798
73326
4899
93571
48532
22866
40754
63869
60246
50565
43142
55581
84699
66845
91429
62237
8318
90636
38117
64910
94421
3483
96991
22383
4566
10126
27010
25244
74010
99171
26316
79996
57542
18551
43094
8910
37422
4578
70845
34295
66558
58453
89605
44052
35814
95640
88770
52551
31685
77050
26976
10897
82141
76496
52427
29777
49150
12535
66256
38987
64363
19350
58464
67599
78822
29743
1475
30906
88964
53006
74205
44489
29321
27703
41455
73844
93385
39797
1224
25152
30029
52465
22104
56167
72563
38047
23975
53902
74200
88309
78449
2730
94977
52819
53359
95323
28282
9184
38709
25955
43824
94535
14189
94544
88930
50840
99531
18810
77097
9475
79245
90728
36584
93913
56509
18702
52913
4691
64281
76801
35890
60658
56862
58628
70405
26929
76417
92445
82556
65894
44454
21649
18705
57857
57160
64998
180
78322
15070
39351
71445
30492
35086
37006
85726
30316
86317
94740
70219
85189
84169
7594
6210
35323
43132
825
8439
70272
66200
37889
26086
82889
25360
93826
63479
98500
43505
25275
28243
82135
81550
36275
82648
55337
29248
45182
3936
59001
24946
20087
75143
25707
38460
23082
24208
34407
86345
7809
9256
34598
26478
13104
9949
68545
81895
49177
45242
1491
77646
71548
85533
60799
50383
6259
83779
32788
90940
39196
69504
48242
69988
59580
17802
19655
60789
44800
64392
32538
97118
86073
19795
2823
49076
51333
84004
11245
41476
66191
78651
53230
9925
49043
23669
92253
61521
258
26288
73297
66081
7682
1371
88606
42196
5603
12240
98908
33362
61418
77491
86427
33872
59603
94705
92263
4681
74185
1038
28392
28514
41909
67822
37625
57989
44752
71430
76921
77433
4038
14124
83233
24904
43383
55238
45692
32535
33036
32404
38452
80076
82459
97152
2643
32871
21894
62774
69587
15636
19471
78855
67461
54914
76532
4750
65568
63694
33846
38078
23534
83219
57505
39135
53907
2237
11604
5152
30944
92070
9346
97273
62882
68983
78362
19000
68035
75587
67197
64310
55860
6966
89739
3630
78261
62858
43333
48549
28667
50970
22114
42167
76353
64472
19311
20055
19443
87146
69523
32371
78974
42857
56004
92593
91952
84209
632
91729
92754
51058
45775
9377
12567
57412
89427
42433
55277
93155
63025
38078
6825
62863
6249
26212
64675
56416
11240
82261
25801
35002
50414
74088
53207
39219
34300
45919
41871
86733
98565
13982
77412
99201
47154
1859
53600
20910
21227
71407
12695
90518
96842
13643
84688
66145
81370
81482
52744
45162
43737
95025
17408
64768
14081
94809
63154
83443
28595
84365
96385
39503
46815
94460
67207
59391
27875
99745
17730
22472
71059
13122
9009
54893
74809
66968
37330
68483
30552
63772
63165
96602
49493
36621
45185
27486
41712
86835
84402
2114
28348
25173
28483
26517
38794
7593
89212
25593
97980
20755
77272
63017
77893
89559
83828
4103
52962
71975
9417
23686
56459
24417
90503
96439
39152
55446
92184
6089
61107
44642
15839
97345
2467
28493
2134
36263
6277
86829
38107
91385
95653
84177
12383
1089
81918
94544
75000
3034
54544
72097
63618
726
5222
42539
57629
76858
75332
59009
30874
55671
98270
58120
34472
17678
82672
23970
83666
44234
84351
59576
29702
96441
51322
33923
1046
76906
57558
66432
42806
99011
27233
89389
22507
43510
47810
26432
3232
77296
27767
39908
98018
95588
8146
18228
61873
55094
34066
68801
69040
54677
43558
63421
46547
57749
50161
36300
74683
3060
9478
80231
59112
18606
87002
69685
10422
86643
58752
67395
96718
79150
3132
88689
85854
26628
85623
23476
79443
41213
50080
84720
41248
36303
16146
55227
43558
33033
53333
10244
20212
48773
94412
75856
98463
70609
49751
44422
32484
10697
85758
52468
58668
95066
99625
64196
66221
10266
88884
52718
9197
49112
19264
41832
87259
17224
30496
60528
89364
33073
43229
11779
37460
60072
39393
44333
50491
30951
23939
79744
99677
68851
3782
4004
54766
88522
56733
50793
10495
78125
99565
38775
53608
94324
1085
11115
65589
4595
24300
51655
52311
81572
22331
71411
7183
63269
52380
11612
36920
87674
75621
55186
96205
53042
8755
98623
54315
81396
55362
67953
68099
72763
82356
44222
21474
2943
9414
38167
69265
7125
45409
61047
78533
34175
30951
34546
55411
40217
8819
29103
36985
24194
611
6471
21188
5855
6010
18143
82730
32813
87534
46241
40810
59659
71174
71413
82105
2047
94797
41972
13806
28399
77544
66929
58331
19424
13467
6047
23284
45904
4982
87435
81589
31892
92175
77406
69977
38539
43488
59385
64210
90602
66221
17126
84906
44910
98411
61761
36263
2861
98545
99044
69371
57952
22944
1273
30730
69595
13683
2952
2472
28537
17966
62553
55861
45611
97844
84665
33455
23037
49892
86201
86669
3792
25212
87219
34726
74374
27612
62651
89806
57465
56831
37228
20377
97287
99623
78896
45591
47869
23811
34486
11945
81736
1746
23558
80708
39236
46127
78745
21582
10624
76638
50644
8092
43572
64255
98072
43823
28284
88234
88737
74837
5766
66367
45611
92441
29759
26311
28347
53674
65372
36958
92688
30094
88970
35980
18993
77152
33921
16239
66587
66408
50183
85732
56330
10751
44317
63743
24290
62902
2409
24089
81606
22319
72877
48859
83849
37537
4901
96378
25900
25965
40658
89098
24231
52809
20585
80148
14637
50644
71528
34091
9890
3219
27967
46574
55100
30247
68437
54908
72570
14855
5201
18246
53584
33413
67003
33395
17853
65973
56376
54821
39120
98499
77349
73809
71860
32547
92340
59939
99486
6933
80219
85668
36301
20906
55768
37693
31986
73406
16908
49321
39550
16825
10748
62357
29907
97182
56001
47851
19016
57080
54869
53981
9400
13047
9824
66992
53398
22852
17535
89705
53492
59630
15507
77172
5820
31456
47160
88163
8087
5867
12404
59766
19356
4498
12329
22940
34047
45528
11062
61635
35918
16730
63855
32819
79925
88411
33657
93611
10357
88498
95003
57920
88607
97615
19075
86927
74703
88166
16551
3449
95901
18280
63959
18934
36553
88048
3511
75231
43128
46704
98318
93806
3961
93062
86666
44186
16511
21007
96543
55649
68492
87687
95839
61598
41352
54376
6945
48685
19709
7615
35561
71907
49425
87821
9372
56093
51950
25687
3493
5725
40393
79722
37576
41787
27468
69779
65205
5642
63613
8249
25188
71346
52612
43015
70622
80563
33562
8911
21529
3546
80332
81337
78809
99386
82
72200
8382
35723
75779
8360
94618
77151
48004
52448
29464
16434
4844
66420
54587
49513
49566
49993
48538
39791
64551
15246
65605
69953
94887
96360
66913
6422
61382
45160
70676
75697
2802
50214
39209
18255
97380
3045
70736
90430
51762
95467
13845
51604
15951
93054
26274
50377
1388
26689
642
3890
89784
86332
5523
82313
48377
96300
49010
11367
12566
58719
31721
28197
78187
64062
51006
74999
12002
61089
26008
16636
16424
35511
37637
25196
88412
40231
85663
41554
52448
63161
24966
66956
41589
19639
8512
48914
73160
20516
88704
52438
94024
47767
31191
17496
69933
3083
73541
58577
46080
10757
669
33728
82676
98531
33393
90541
90265
48950
23289
34627
57042
97383
89075
12819
64584
24280
88146
44558
14856
93816
4007
77800
49624
61788
69932
66384
77853
19988
39159
27533
82310
99448
56996
79402
70086
17960
91923
93671
81047
31274
966
43348
51730
34880
90523
20518
91196
22281
38814
21847
47461
24080
26661
58876
25201
73905
28412
43790
26646
68023
56849
36704
24160
40625
91731
18953
36088
93109
71302
90675
50717
65834
56183
79831
77462
33731
57748
62032
16508
94243
56971
59682
49567
49960
21178
83471
89450
1226
34875
69048
5147
55266
37118
17634
80676
161
35063
78019
71685
86155
99902
76553
1626
18355
51691
50006
35571
59841
52411
79231
26034
53436
61117
55606
80824
88085
15165
29076
25384
77712
49865
9717
15710
45456
20195
68386
65124
72019
98974
46702
32703
30739
95331
3914
46617
52450
43325
57222
48189
83061
61624
33607
3363
67662
32279
17011
67610
78406
60347
84275
44912
52630
35013
30454
29929
91335
90895
48764
19032
18989
73634
7585
7743
84267
77397
87550
52627
91049
67412
64132
62784
33322
27482
1833
18999
40286
78817
37176
35057
13657
25396
91325
12527
15895
48425
35444
54491
58174
9750
41295
34707
87364
83388
70970
26829
20121
32825
60349
49181
32237
87406
8829
76488
18108
94759
87739
29807
33919
21757
34302
91920
36237
60414
90718
17729
69490
19229
31128
67509
10531
76872
10039
39017
7178
39565
98181
11863
35278
53527
38211
51665
25962
44728
38276
68680
53846
42022
64763
64784
96900
83941
90748
18180
70440
31765
33033
87287
36036
38465
28608
90602
30193
27474
22482
55147
15148
88750
42308
72898
87600
85624
97792
31446
43
38100
1122
19965
99619
56507
91161
11187
40029
99710
65514
59349
11847
79787
67162
20623
67317
70126
35614
31451
35874
34508
33410
20506
14412
68116
2634
95000
2425
8389
47895
29056
67537
58315
83412
52312
15029
30962
4454
92102
29002
38648
86431
33778
16204
10983
6054
70160
46311
27308
98385
67230
23842
48067
1130
77470
67225
94746
76028
73381
54925
23926
82930
29591
88520
269
83208
17072
79406
45219
34762
34142
37341
70346
20719
82528
76217
18227
58598
8933
58446
99240
7505
78023
2520
36803
42495
45915
62950
43980
1518
26407
21788
25549
71016
11908
51761
81655
43456
4142
65914
64608
66622
52185
71380
97133
30377
81001
87578
61057
39031
9760
46107
48570
15120
26230
50680
86586
33211
58318
49766
277
47929
28610
72783
23011
98537
34428
82523
18443
93035
58036
46254
12871
94081
88380
78905
68804
5942
18760
13146
68860
57834
70689
68234
18520
49518
1332
15724
80691
3293
61288
77528
32963
63973
6209
47029
46418
49336
94736
49777
66014
76796
56089
86121
51648
16490
93820
81077
44815
95322
35980
36364
52920
74798
46894
32927
61540
71832
10647
40664
57719
62420
89915
58240
29135
50919
32130
5009
60896
71101
25783
68797
78573
78396
57690
66156
70346
25103
64472
82881
28239
80265
58831
97468
2826
59202
64691
78778
62473
45464
20080
85097
10062
5091
3414
32543
25815
64294
9159
19172
11171
55902
71003
33902
8604
52636
61767
52641
67204
61133
4413
86376
72803
78637
24888
13814
96868
45533
80535
947
47331
16899
30611
36358
11332
91770
19217
94812
76120
86949
37222
45420
66649
61812
6298
51712
24584
30081
89200
55183
15113
31201
48432
8079
66810
78968
58705
13706
9712
88558
4119
41322
27589
9242
35509
89031
58716
43248
72485
19152
17349
26035
89291
53656
60563
30640
25549
89175
53390
5582
93965
82908
34022
96894
22208
53045
59397
805
47665
44128
41627
62707
94700
10724
30082
47637
8180
89049
39178
62212
4821
77379
55038
1818
30436
44346
75713
16018
67878
86251
81942
70806
99212
8132
78822
57603
66953
59680
48311
92455
6515
66356
83532
24927
31807
77653
36802
17896
60477
76876
20827
62907
47645
45017
97713
75795
86476
88292
98664
71735
34059
90948
47677
74298
72320
49036
97962
48432
50413
65391
91997
64794
98522
45942
8716
8953
35999
89082
25673
85293
6041
400
57888
87038
39910
63407
12737
39902
45546
72900
35909
96533
13926
36060
83130
35810
4394
3465
2422
85287
19179
17347
6352
41955
45337
35735
20854
36945
46177
86064
21220
23414
35078
6422
46457
89220
96831
64214
73825
39891
93882
81899
72862
13538
23436
94615
74978
98407
23613
68331
36139
9676
96365
45068
11405
42966
47349
53248
8223
31800
28934
92374
35978
46809
9544
91607
57992
57451
20736
1287
93810
95672
89648
86695
5081
21512
52726
28257
92545
9225
38642
79400
36321
52390
94995
83252
52421
21258
23491
45954
79823
87809
29063
28708
47400
74206
3165
73023
44088
33866
24398
3918
38818
40454
81232
30185
63535
65382
3329
81129
64172
9714
31258
90579
10578
20072
33090
10308
86300
89009
92286
15063
61587
47117
11136
53798
29650
36507
97720
82259
34348
44899
6755
47718
37937
41476
84063
58055
19898
99084
61998
5026
84532
57220
7316
81163
68062
41642
33744
67875
57763
14731
90365
88692
20604
19162
13963
31099
36269
28240
60035
99646
59436
57345
74503
62246
15299
44660
30194
32312
37110
36932
58576
53189
69804
91904
58411
15505
13552
42727
16645
6300
89610
36420
9070
48419
39192
90539
44877
63360
78694
80662
8617
96682
8216
48951
77540
40891
71526
16236
53237
97409
25577
38291
45092
10503
66952
96458
87003
20380
75047
38974
95079
85472
98625
91613
48040
33484
96481
93226
86921
16917
63454
52691
7131
13429
4932
38303
80059
82384
77356
18516
20448
28609
83178
39804
64033
43563
28682
19214
85881
12129
73810
8590
64381
27238
30672
98863
51032
70105
30595
83712
56090
13866
12301
2496
27012
476
94879
36832
30106
55059
62740
26297
54068
7328
92121
41402
48094
94925
45176
10532
32316
39025
79157
47904
85614
87310
11192
66353
20177
73319
67350
39507
91971
34449
5152
69146
36918
3654
85971
78146
49427
87617
77123
18402
86899
24816
79127
55233
9089
84326
97862
43074
21196
24650
54460
31783
55586
14627
89281
10965
45890
38077
65418
2423
72830
82206
95732
52947
2310
74799
62920
79723
62763
51897
70827
50822
40531
76971
22214
62283
48101
33588
28960
45360
17969
21378
93023
16066
77209
19944
48403
50583
66443
13108
22886
28984
64085
54201
85888
16069
35023
25262
88079
17799
47428
13143
57861
12792
73674
92603
36172
88256
59927
52383
58688
8952
19818
39242
96398
1222
36688
6272
85051
70992
38065
94773
95149
46629
11733
53533
26480
48475
9318
90095
64636
3869
55746
67145
38340
15692
1910
63075
99529
35918
48499
98924
43869
73074
87890
31028
86224
2159
55443
70023
28443
76261
88595
78083
58843
88751
28162
53027
97448
56803
22799
19629
65973
5
34606
9032
79197
85374
49020
20767
75563
77689
57098
81015
7337
64825
51894
6635
73875
63882
59098
97398
64026
29082
38026
96953
87094
9932
74161
65348
55457
85136
3327
12448
53002
89682
82017
24775
3270
51462
59491
72815
44069
84205
99303
32024
85592
60464
80611
39526
84119
39670
10964
31491
13379
69479
82098
3604
37421
28774
28189
59173
83833
53617
86406
65519
52543
38646
11041
93865
67404
40065
96490
99039
32303
8001
94483
47718
6287
71562
60662
76838
5854
58731
77955
26833
41084
87608
32544
80835
58735
12406
85229
33010
51092
98203
12957
55478
39042
85669
45578
55698
28457
89084
36875
56371
2785
18535
29637
51906
89057
49562
187
51815
12219
76881
55881
61967
5082
26158
15260
47344
31486
83464
14648
68483
97371
53888
7802
47300
26097
23360
97931
20506
82943
51570
72164
91117
89040
82092
84793
69054
6945
22981
71518
89661
28278
32065
11791
928
3260
31720
60980
29121
93503
43125
37378
87371
73086
23685
78542
29020
86956
24226
44827
79870
61171
11416
50204
57731
77966
87903
41118
94967
19929
4265
73655
51582
27092
67533
16447
97381
12298
69156
28286
6045
27259
11502
21120
62494
51611
16703
15645
68703
46286
31172
23724
77164
28434
2475
58637
65908
6732
44753
1343
10309
89533
8785
8106
36378
83607
44493
73347
37428
9832
82277
93472
39934
48199
14821
56352
47721
68565
30996
77044
23089
3572
23988
53196
67312
40690
55387
69565
54681
60186
8439
92902
51201
1415
33238
15516
94615
97927
63394
32756
71168
42771
50916
34244
49524
90358
79720
78635
66953
35120
41360
73968
47986
73908
14415
63372
10865
53394
1725
74798
48728
52079
43861
60246
32907
7540
97429
79560
97684
30278
33713
17661
16342
63568
99439
39289
95172
36689
64085
33199
91492
8653
11423
97628
34729
75782
42822
45313
72770
79707
36571
13014
51931
83625
79438
27143
61331
37831
73727
27492
11848
5369
72856
14232
81459
48493
42635
6542
30978
77403
122
65330
7112
91316
31164
90773
99620
95262
13694
66793
75946
40379
58917
82390
69258
39773
85903
30128
66872
75041
46503
97931
78418
69428
53568
10078
81494
53135
42053
87827
87128
43781
68844
22310
74644
21814
63360
44751
78932
33047
12244
19949
39061
19353
9030
40034
94162
42325
85952
1463
20961
29832
87517
79715
14287
75644
75328
56020
57715
75511
20217
11951
73551
8511
91936
52870
39292
84838
89853
28517
71775
27910
34224
66051
84474
21301
55341
12483
90914
7367
44624
87365
90320
89332
43271
38477
77589
37658
99626
6402
54204
61534
54547
64405
59899
81978
80627
25986
69303
98357
38457
50935
73165
16906
58339
63379
84288
88768
27081
67394
86093
82702
21279
82353
4655
19798
81935
88665
84478
16585
58005
62414
59992
51490
85511
35285
87088
16087
40466
24034
38252
44177
32840
1136
85686
33449
1113
41000
43163
41744
91317
65574
95996
40818
94715
42505
85213
24706
47128
4528
70533
60706
5925
93966
72025
66198
63503
13571
68073
63034
89475
29670
31573
60973
79412
17045
16225
6285
88741
45383
78244
81957
37213
56154
58088
56990
52349
25085
32890
59623
32754
40667
28883
4321
72577
438
28870
72717
99700
80355
27765
21124
27072
66578
86437
85731
31071
16601
20575
86090
62643
63671
30737
24726
58577
80388
62497
81435
21796
42942
18181
48619
87829
55711
51994
88521
7739
98729
54996
5106
6876
22830
65582
86776
49763
54439
71256
32040
23812
87870
79215
24203
55874
24916
25830
80169
23146
49339
43912
78570
25526
4291
48707
98426
98742
17270
1402
71864
4076
91196
6543
49347
82720
52330
77640
88441
25206
17764
8782
73144
74830
16255
90215
7252
33983
52336
87413
72205
81143
45549
12056
98853
39406
77509
74460
47553
65622
94636
40111
27115
96010
9641
2054
19196
13857
43146
16944
85722
31065
29436
87591
25988
53497
55211
77949
10516
86238
88429
57499
86430
45196
26880
93776
33090
38442
51569
6481
28511
76641
81550
8317
58609
90380
10908
44432
65457
53097
85636
46608
60665
88091
36402
4275
24652
44550
75055
85536
81570
12041
12094
49945
91643
30027
56799
3473
35178
56667
16357
6642
85490
91798
52808
77172
582
22437
7565
84233
65928
50795
60106
43804
30596
32398
96917
91532
99903
91948
60402
6245
11923
11590
8104
19132
74876
12271
75356
99529
65861
13730
38627
36990
22
58028
40690
4873
20736
53875
19439
87082
20506
95301
89129
94263
86527
2434
84569
53822
9618
57906
3717
24239
74800
92229
87611
73181
29587
85927
81239
79329
56134
6857
52727
80185
82332
26016
50360
1540
30389
6457
31962
19267
24493
38259
61860
83615
53119
80531
52619
73560
88212
90848
44843
30144
66288
30290
32728
30408
88090
73800
5746
70514
55795
23418
62319
78511
19465
36850
84833
11789
53765
53029
19022
11849
8546
67516
16306
74165
56173
13294
41972
83876
87949
93194
70777
10101
71644
46133
40902
27906
81532
52604
46612
76200
32402
8612
15892
95221
30068
148
93548
75352
70453
98027
98235
12211
46572
743
78214
78495
9221
86545
77750
78521
69981
54406
35817
94267
40085
6421
8742
16997
59487
64791
65478
80579
39991
4982
70109
68831
16933
13730
86861
95146
55532
61487
30233
65350
55890
6179
73285
28764
43500
25239
60713
21735
5299
42882
72673
30037
30848
44718
25884
80089
42203
10658
47861
18717
33086
21448
44992
74386
33994
87678
17787
19252
13371
26920
81108
51870
8986
90185
90887
96712
3151
1818
37039
41371
7390
98980
18849
73718
6262
73448
92935
11244
11987
40066
3626
27235
55592
53668
2790
34024
97180
66306
24546
20092
60308
97826
3264
65963
58012
70946
31338
70851
37673
84897
16847
16861
33814
30530
18610
1818
26822
14184
49464
41293
62853
34694
9467
18198
69853
49284
54542
47425
35340
54497
6957
82402
93430
18064
89660
34729
22135
98482
4680
63857
49363
11779
47926
9447
24616
40210
65836
2254
93269
65403
41428
67664
63694
41140
61139
491
96455
60366
93001
53518
59410
982
7274
73034
445
11106
46468
87719
5634
12045
82300
36172
58514
44922
97220
43613
19899
1529
12217
98079
6064
27101
88410
59490
89968
68930
29195
68046
37844
74135
60829
71099
46035
16716
19750
40028
30034
83155
18634
88319
35214
33571
30774
16403
38948
49589
56782
10287
3989
79578
85585
7496
25730
3851
74925
80328
84260
18891
52730
15067
22934
71868
4161
75822
75299
60450
40515
93532
82816
99040
85069
94864
17830
72914
3671
96946
45708
73488
18957
80257
18512
66977
19718
26120
81347
69839
87628
57894
49518
86670
92999
10312
97001
76334
10221
66352
3398
28656
30799
5746
83270
93685
50413
57963
2336
74251
95098
26419
23329
47571
50420
21338
32806
28743
84012
60924
10654
66258
15134
56036
22385
32496
4548
21540
60857
86422
17397
41273
7451
33132
25597
97820
62035
25624
26897
88561
61665
89633
61459
82414
1134
60570
94469
48889
52502
82837
4145
30071
66318
6762
39837
73223
22849
59463
66206
99012
70664
41284
42763
1020
52347
72733
14701
61168
39653
35359
48652
77570
9567
3962
84441
61584
69123
93202
54130
15953
16183
79396
72359
75890
46046
99914
82094
79146
19857
19547
9119
60381
33145
46060
23047
40077
88752
13263
46004
14487
200
86740
4398
9386
7128
51246
43215
39788
51125
20991
47159
46998
99467
15633
10212
18144
6876
89962
31290
26595
83491
2536
60977
98774
94832
27114
52554
64193
62898
20504
49961
51544
45867
13189
43550
93578
8985
2787
97124
88082
53419
17743
26499
70286
7176
64788
69717
10182
64802
68474
13892
47556
12120
47549
20703
76901
67698
79592
34537
97868
98513
52644
55568
24697
92665
837
46824
95601
4441
56870
77577
86870
15747
12271
39234
39958
13904
99785
76703
86622
58084
70906
68886
24595
56360
42618
85180
90465
38580
8626
39766
16859
49562
64860
19714
52549
26582
43110
67794
19057
3396
64537
16062
72927
1932
30405
99756
41368
51697
77026
53554
11462
65141
13311
85812
95214
64127
46836
21815
86853
30345
67988
52930
81192
25120
78415
76342
45317
64990
86118
5547
58712
6930
13219
40356
51188
49236
95364
80947
60527
56374
9767
68788
35527
52745
83217
83577
77616
81505
10822
47043
42884
16126
7759
87717
88083
36285
18268
9214
3116
40015
40370
63660
69213
17584
335
52985
24048
21473
33925
96416
52172
66074
70910
50661
72402
17311
32137
92862
44804
38845
94144
91634
43945
659
24564
12879
15122
58875
7612
54731
47311
41019
24272
78803
99420
65036
54512
31765
59797
36222
20441
54637
12907
73341
95610
37846
19560
71859
71015
89547
53488
90015
16914
51465
60716
64936
90092
87951
93585
38653
18021
33498
29915
94418
43217
86885
78309
30474
13370
48445
55426
75301
26666
68297
1756
44781
38919
99258
97951
46574
8286
16361
87934
70295
92967
30206
73377
57471
97553
9976
66923
12339
76519
17047
60682
7756
466
43463
20373
22239
87443
9450
25856
84726
9438
97007
55543
73781
17869
90969
16327
24773
39641
50424
27879
81799
51111
67477
88289
84739
22265
59620
94725
76271
66789
77200
32744
35714
53849
71451
3099
19427
75552
68599
74622
78400
40011
34981
97777
85427
88103
82254
64250
87359
31643
48777
26253
79498
25058
64045
71418
91881
28473
78782
873
70851
28280
47454
55688
30894
99146
78449
84431
71876
32911
18289
75623
85196
9780
91097
42380
46203
10078
3360
34970
82444
36551
91027
16109
18194
75056
71990
20338
88682
41525
11756
33782
92157
69946
90139
71816
1163
4416
80896
66688
9103
29203
42406
10712
30508
13518
54906
34555
38804
16398
82901
92355
23933
85618
38500
52966
25695
78220
22903
6874
55572
76518
98353
99103
55189
20423
26837
336
56876
76108
28571
95350
59514
64526
96466
18333
50940
24368
49903
42854
92948
71393
76247
16454
15282
39233
16135
60742
36943
65923
69820
78810
89780
75956
35715
60870
38180
49169
69449
74973
64691
55656
10297
19665
83692
11151
21217
28761
53716
248
52250
62780
76196
72812
34753
64843
81736
145
26249
77247
44106
35009
97929
47611
21263
44857
97208
79233
34895
8683
53054
83912
86111
52956
70257
98370
28201
87545
37345
134
4106
17860
12135
71571
15144
66248
40370
25504
48228
93789
59427
593
22975
90698
69503
30087
84149
15367
99511
32023
26517
22078
87237
92901
43124
25706
379
41632
3709
37722
78784
10332
57568
38124
25210
15021
12481
86312
35002
72586
20624
1456
52655
42957
54847
53076
71001
24836
73338
47343
16547
78020
12757
27583
6750
21922
32715
95630
43326
3201
63145
4320
42981
11159
99418
88971
47655
14750
68818
292
97199
72712
97268
60539
44571
26247
50329
56738
61006
29723
10505
14807
87700
73307
57411
58158
61135
58911
94071
5436
81815
39534
24668
45535
2917
46126
59954
53932
4960
27990
10623
58073
57250
58305
94129
22772
67724
90238
42999
16684
4955
22420
25988
92492
62653
85690
26563
47303
39545
42423
34924
76799
38538
62791
69039
61157
38552
27891
42226
29325
90438
27831
17793
26501
80099
43670
30972
94907
27703
1628
10619
74469
69719
12716
65464
28269
73892
10971
33438
16081
14031
81342
69593
65435
41908
6883
97187
18810
48052
33192
84283
61624
26737
30855
62467
53171
86666
21023
69651
91267
60241
47290
40577
59365
51089
63006
76640
82266
17554
12897
50283
70969
97529
33283
67396
12072
12666
97652
87795
76583
88687
36932
59678
48308
27305
24735
37234
9537
22500
19742
59554
25103
54724
56716
28014
45145
45740
60070
25856
39153
77330
23983
60309
52187
61316
61029
66653
23911
26558
74634
38227
13459
64107
20131
22692
18877
46480
94459
25303
30033
5812
91689
35155
86199
30041
34281
38668
47502
66345
70389
40805
69101
69598
57106
58622
49202
41525
81070
14431
44210
97868
63047
7936
15145
54206
50415
76454
84480
68068
7534
8855
69053
81862
13650
79726
26559
87087
51427
94154
60735
80679
41632
6332
46524
98218
1124
72724
5244
84656
36268
17981
80620
39024
7612
63249
26714
32344
92728
90900
88209
54241
87559
60333
94926
77231
15820
87288
83556
64848
2563
6598
86292
83620
97931
68311
97008
25443
27254
91018
45339
33379
60628
19464
62641
89820
25867
45133
57990
45641
61848
28257
77882
71469
98023
71913
71000
50172
58181
80455
6053
6527
41382
56189
69855
54627
45457
29120
32771
31984
30724
82610
52372
15450
47717
95074
47575
9823
23312
94664
53283
31415
15368
54227
20486
33126
78603
32055
78853
71602
86793
901
71869
54870
80892
97610
40516
81505
33265
51204
85552
18816
47318
43140
82048
98550
26534
5725
19744
94273
58777
4169
70218
37662
3847
10597
28866
73004
60945
81217
59353
45829
94334
60862
49207
62667
84104
24741
84116
95270
62962
34198
43416
46912
30804
93392
41239
86769
25683
72128
25291
32678
35768
87530
17791
89931
5083
14520
94205
40643
18921
94163
49729
2884
34949
23601
34059
37562
82580
74487
72572
81543
89511
77182
69614
85304
43779
93687
64242
64963
65471
73171
2917
47256
69653
91538
88155
90527
87268
3861
7603
63420
36888
26055
74362
45965
2344
73181
52052
76425
36864
63278
37601
82550
65729
6726
71466
56100
86248
75186
98544
59141
28074
66223
1422
2353
85936
64938
68122
40934
20411
93848
15712
4842
12431
21003
11091
14144
33939
28579
10681
49414
83787
72919
36301
96149
62547
69555
89825
87818
6885
38212
68002
83271
30009
97323
98306
60306
58529
29973
23902
91459
91017
5398
91096
69106
23197
79283
31722
51395
42381
77847
5712
94073
35917
74254
30397
44968
48346
39786
74416
6671
26394
26503
19903
4555
39266
33320
74446
82664
99588
70669
70674
37259
41898
74002
41779
47968
61634
56274
92456
55037
57755
46363
39458
23276
93471
172
52208
57935
49170
93243
90017
69559
89682
88968
10928
8035
28165
53141
20558
47120
4723
44098
35905
33776
38376
81533
20122
78023
90168
20050
3628
66364
22776
64632
11266
58567
52041
51291
15025
21927
47522
93883
52150
70882
99386
7127
20642
25783
91347
71264
74127
86638
34403
98124
71626
7346
80117
12251
6769
55659
54029
91930
85226
15061
3787
70193
71089
82463
79126
40770
64100
35560
77413
78041
70464
16672
78202
25431
14125
60296
19995
45932
18861
41845
40486
12144
80945
5706
54735
57337
47815
67540
78663
20078
45380
694
24018
50048
60650
21296
76231
87138
18155
22848
42615
7125
75518
36676
17703
37014
68000
57100
15556
78583
63375
17573
64808
59673
3774
38540
57501
59013
97774
37791
70906
74567
85604
53594
28012
55716
56216
6012
73921
76997
41253
84875
61912
51556
37891
53531
91815
62081
4615
71565
64838
18528
54137
47548
21423
83680
1412
27202
86240
51942
95283
72675
79114
88207
13641
12336
88800
25427
45062
35239
53408
88663
69336
6208
17063
38017
21922
41101
79946
91974
10105
20791
75095
89561
6148
1755
17491
78399
5481
5942
63799
5698
59961
45117
46819
31751
88185
85718
10383
32813
8675
59971
80618
67631
13224
42960
97020
89423
95909
88690
11108
51487
29887
93834
44854
34749
73015
42929
32213
4377
50335
86201
10090
49148
22021
86983
71446
55349
66086
41591
98583
37629
93540
60255
51414
42500
80410
16837
6345
2592
76948
59531
38194
65384
19744
21410
4995
90721
96251
51345
3678
15132
5687
87788
31458
49800
73037
72424
204
243
71185
64820
16959
98832
34776
10105
533
41486
4086
16452
49371
52035
42467
11505
56412
89275
7747
85878
85320
8415
17095
62864
9597
86299
46602
17751
5737
31408
34079
67996
66894
30606
6608
42088
16199
69189
72463
78062
75561
51857
85812
27762
37596
44156
86653
45542
13336
75436
1520
24121
82122
8459
8552
65032
76468
87133
69816
46861
2652
15803
45013
53349
55652
50987
37471
20969
48588
62495
69608
10865
84888
82614
9562
17896
3555
41209
28208
26497
42626
95392
83185
86075
15364
34234
54597
42308
16019
54491
16686
3070
97255
8121
12160
70174
486
49031
42655
16323
30344
61338
38162
19355
26052
95715
15528
68586
78897
79323
37370
72689
99613
99913
77939
91268
7356
72966
64961
48597
25927
73314
37333
83056
52106
31852
25876
90485
16855
39162
42111
70467
40240
74318
33270
70652
57326
86653
19679
16891
12361
79233
85997
87175
5188
25533
46156
41023
40816
5244
37071
64768
69072
90329
7540
80752
2728
66314
56989
28526
89560
85436
88118
24821
25131
67207
68489
97941
80452
82337
87961
76253
62186
69102
45191
47446
96663
61617
38883
38894
43529
43059
17717
37386
9469
54740
20222
92975
27181
39071
43654
92508
46553
71482
11575
22162
51997
48694
19729
77988
66590
8831
97228
34117
74532
79571
46965
67594
2328
35696
46129
25804
62634
70651
63113
43401
13817
30663
91143
8636
18917
61747
705
33871
14674
29097
62985
79366
72024
96669
21885
44315
62694
66143
89344
60615
95359
17489
78086
88165
2473
54216
90504
90008
29668
48272
83305
10434
68768
92899
93100
44316
23251
314
86025
77343
86921
24183
98230
54919
31198
41755
31233
19330
71839
72877
68363
14307
68303
1627
22590
74342
19224
35932
31692
30278
76701
85334
38867
47659
84283
53483
29954
32685
97603
32400
58680
53658
15309
75731
48788
68856
72439
47723
82986
71864
98602
58912
49905
87266
91635
25848
3072
95703
97988
5859
41884
9282
71505
35514
78297
14254
7590
17653
39138
98268
40495
41547
73574
61846
76714
57758
52108
45765
35494
79905
78748
78300
63271
51100
74097
93326
40727
4744
73306
45056
2323
92091
17663
11419
65296
50985
32830
1094
2741
24505
8398
80932
3316
26765
3728
75155
13095
39406
40820
35830
86873
83401
43516
19356
16968
73602
75832
5922
64957
3088
66010
59334
46527
83198
21865
3760
23643
73969
95590
65390
76629
37565
77363
41595
32328
49025
88840
81674
60067
82384
33083
89673
62929
31234
74050
80450
79499
30981
87855
18587
14274
70906
22657
18091
95559
62867
97749
62911
59708
2802
4275
50310
34750
25150
71377
90044
37096
54536
96094
58337
75452
86826
40776
39522
9575
20838
90202
8229
83242
34217
52400
65314
96547
98222
96468
418
71928
56339
92656
89619
1888
64561
92800
6283
9024
90663
81634
35967
19874
47865
12381
59145
15223
4730
19828
11006
27556
86603
8344
29677
80736
37560
14418
48189
28718
70311
88706
83591
42617
8004
48852
89303
33034
82708
41362
56322
5129
77304
87829
56950
36555
3320
69244
47007
50384
6928
76899
84945
86092
55620
43363
58135
32692
20962
48980
30003
93116
47732
88850
30884
5404
81029
29472
40323
33350
51304
15950
50125
27017
12462
60510
38473
87837
26167
83888
75663
5649
76671
89929
20493
26703
58011
71297
41412
28984
78218
65144
54642
64432
52003
61004
95485
85949
3513
86037
23050
40971
99093
85775
95577
5565
93127
52044
97474
62443
11142
32904
63996
28795
2847
44058
28267
20021
82921
87127
12163
41280
32669
54236
11968
85491
50441
5914
23844
70142
11051
81570
31554
26461
44810
30170
14909
35154
23901
87792
52285
20798
81521
11309
56286
2311
74182
71155
63864
53790
12246
77100
863
93281
86881
99236
40706
93196
72252
58946
75111
1108
87071
34774
76835
3034
57714
48998
73127
78515
52366
94658
65894
25647
25486
1166
54362
6226
98710
50843
53324
17493
10275
81084
79321
42116
15255
38823
45098
44506
98179
17594
45127
31956
27857
19827
31684
42894
34969
21565
95232
89757
46813
65704
25340
77261
97687
69151
30571
66855
88359
58763
41639
43770
21801
36064
43638
87583
16237
77144
11036
2819
22380
66412
86019
38085
41179
23095
87566
13945
38140
99765
6957
56888
30346
36535
50773
41697
38596
53216
63879
87486
79045
32695
44933
72097
10779
17448
12328
13047
66460
58507
79602
42435
51995
5857
61086
583
95264
14476
68529
50884
61894
54865
43781
49807
49553
13112
68941
73391
38545
39672
64575
90584
61996
34695
76
33381
76710
38358
2414
38811
60120
13401
30347
95382
89210
52947
69671
28692
65492
96153
21258
28640
87458
12409
78351
5626
97106
36953
57317
15446
19573
98627
9190
11204
73737
51565
7722
61941
62815
95507
97531
71276
75882
28449
73192
90712
50991
81691
22693
48259
41665
50613
92880
29214
27273
12480
5940
68231
20143
45405
62892
99373
82452
94486
43533
76308
43415
27208
3517
38659
36799
83298
78639
41435
72676
92833
57863
10540
71316
40462
72798
65095
22787
76315
69580
31345
74902
96618
73905
29313
92828
5168
45523
27646
61259
85531
29349
91641
9025
56477
86871
71755
91678
10872
627
82783
23266
99373
79039
74416
51339
52772
20786
58469
87764
53370
8058
62854
61515
35451
53840
477
49092
35770
47153
60836
38021
72950
61540
9391
60238
72380
88147
72872
11440
90031
77632
3702
33061
96460
42676
25084
66417
71851
51037
59755
63865
25148
12439
16789
97127
8603
73081
25346
94904
11411
54858
77312
64890
49205
62422
21427
65509
5018
29273
22023
31117
97843
93775
24868
55724
94658
63906
42549
51823
62275
32971
71458
45493
61109
45019
4632
13289
99699
53042
58612
55111
42513
89776
27282
56655
6080
72153
61422
10409
51917
66415
76600
234
89624
37967
65023
47901
34398
5627
49302
35063
50754
18109
61153
15830
45834
51708
63069
773
38531
47904
59466
40801
25396
5214
5491
70280
26701
85459
30072
66341
7194
56825
84636
22643
76350
48756
53258
12975
3211
38415
64346
16152
24473
16064
11161
18805
3156
85463
33677
69221
83922
64506
67329
20490
7523
10642
51681
90637
47494
20397
65059
14139
71361
28223
83103
68976
83194
83264
48659
42945
34560
92356
58615
40596
52482
22505
91911
59544
87475
26375
55187
45422
53763
3084
86856
27200
95246
69015
10678
62296
78487
38531
44380
8286
94358
5766
38974
45011
16140
21768
86478
8358
99848
48238
2854
15205
10991
5547
67902
34652
89690
53640
59409
60141
39389
53596
65485
59121
56644
86577
45856
53110
49904
45924
24152
31878
50457
13276
6084
53137
81434
34889
52156
7834
38381
2625
62983
75638
95852
44111
86340
65355
15433
3954
69486
42862
43975
18026
54632
11038
18077
19625
25148
58735
60759
91645
9782
76849
273
6430
24740
25103
56768
83776
56253
45152
70251
31310
8434
27514
38955
50333
83018
1471
77911
97137
6928
79450
74535
34368
94178
24945
30221
63520
52636
28717
53735
47091
51386
79065
84662
54597
42253
12009
25547
85556
67966
55687
26704
6163
91108
44371
22043
2959
91367
33358
63072
48196
80484
18719
22077
49755
75484
40713
97092
45762
41953
64228
63784
52087
98175
24792
72331
95629
65976
55824
3863
68124
18826
70649
68533
66699
